
[75L40K-Default]
D2-100-FilterSection=3
D2-100-BandPassW1=4.5999999999999996;4.5999999999999996;4.5999999999999996;4.5999999999999996;4.5999999999999996;
D2-100-BandPassW2=4.5999999999999996;4.5999999999999996;4.5999999999999996;4.5999999999999996;4.5999999999999996;
D2-100-BandPassWindowFunc=3
D2-100-LowPassW=4.5999999999999996;4.5999999999999996;4.5999999999999996;4.5999999999999996;4.5999999999999996;
D2-100-LowPassWindowFunc=3
D2-130-FilterSection=1
D2-130-BandPassW1=4.5;4.5;4.5;4.5;4.5
D2-130-BandPassW2=8.3;8.3;8.3;8.3;8.3
D2-130-BandPassWindowFunc=1
D2-130-LowPassW=2.1;2.1;2.1;2.1;2.1
D2-130-LowPassWindowFunc=1
D2-150-FilterSection=1
D2-150-BandPassW1=4.5;4.5;4.5;4.5;4.5
D2-150-BandPassW2=8.3;8.3;8.3;8.3;8.3
D2-150-BandPassWindowFunc=1
D2-150-LowPassW=2.1;2.1;2.1;2.1;2.1
D2-150-LowPassWindowFunc=1
D2-180-FilterSection=1
D2-180-BandPassW1=4.5;4.5;4.5;4.5;4.5
D2-180-BandPassW2=8.3;8.3;8.3;8.3;8.3
D2-180-BandPassWindowFunc=1
D2-180-LowPassW=2.1;2.1;2.1;2.1;2.1
D2-180-LowPassWindowFunc=1
Color-118-WallFilterSection=3
Color-118-WallFilterW=5.5;5.5;5.5;1.6978091618290692e-313;1.5883492458549037e-314;
Color-144-WallFilterSection=1
Color-144-WallFilterW=4.5;4.5;4.5
